# This file was automatically generated from:
#   octree-raht-ctc-lossless-geom-lossy-attrs.yaml
#   octree-raht-ctc-lossy-geom-lossy-attrs.yaml
#   octree-raht-ctc-lossless-geom-lossless-attrs.yaml
#   sequences-cat1.yaml
#   sequences-cat3.yaml
autoSeqBbox: 0
seqOrigin: -524288, -524288, -524288
seqSizeWhd: 1046575, 1046575, 1046575
mode: 0

srcUnit: metre
srcUnitLength: 0.001
outputUnitLength: 0.001
trisoupNodeSizeLog2: 0
mergeDuplicatedPoints: 1
neighbourAvailBoundaryLog2: 8
intra_pred_max_node_size_log2: 6
positionQuantizationScale: 0.00390625

angularEnabled: 1
numLasers: 128
lasersTheta: -0.466307658, -0.355730043, -0.28753886, -0.241278931, -0.207854629, -0.182560283, -0.162752854, -0.146811237, -0.134316794, -0.125442886, -0.120127944, -0.116588386, -0.113935608, -0.111991244, -0.110047725, -0.108105018, -0.106163117, -0.104222008, -0.102281683, -0.100342113, -0.098403289, -0.096465206, -0.094527833, -0.092591162, -0.09065518, -0.088719881, -0.086785232, -0.084851227, -0.082917853, -0.080985102, -0.079052944, -0.077121372, -0.075190381, -0.073259939, -0.071330039, -0.069400673, -0.067471816, -0.065543463, -0.063615595, -0.061688194, -0.059761254, -0.057834751, -0.055908681, -0.053983019, -0.052057761, -0.050132884, -0.048208381, -0.046284235, -0.042436949, -0.040513782, -0.038590917, -0.036668334, -0.034746025, -0.032823971, -0.030902158, -0.028980574, -0.027059204, -0.025138035, -0.02321705, -0.021296236, -0.019375579, -0.017455065, -0.01553468, -0.013614409, -0.011694239, -0.009774155, -0.007854143, -0.005934189, -0.004014279, -0.002094398, -0.000174533, 0.001745331, 0.003665208, 0.005585112, 0.007505057, 0.009425057, 0.011345126, 0.01326528, 0.015185532, 0.017105895, 0.019026385, 0.020947015, 0.022867797, 0.02478875, 0.026709886, 0.028631219, 0.030552763, 0.032474533, 0.034396542, 0.036318803, 0.038241337, 0.040164148, 0.04208726, 0.044010679, 0.044360426, 0.045934427, 0.047858511, 0.049782947, 0.051707756, 0.053632943, 0.055558531, 0.057484525, 0.059410949, 0.061337808, 0.063265121, 0.065192906, 0.067121169, 0.069049934, 0.070979206, 0.072909009, 0.074839351, 0.07677024, 0.078701707, 0.080633757, 0.082566397, 0.084499659, 0.087136937, 0.09065518, 0.095056132, 0.100342113, 0.10651613, 0.113582025, 0.122430248, 0.133073222, 0.148202216, 0.170933127, 0.208000299, 0.267949192

lasersZ: 0,0,0,0,0,0,0,0,0,0,0,0,0,0,0,0,0,0,0,0,0,0,0,0,0,0,0,0,0,0,0,0,0,0,0,0,0,0,0,0,0,0,0,0,0,0,0,0,0,0,0,0,0,0,0,0,0,0,0,0,0,0,0,0,0,0,0,0,0,0,0,0,0,0,0,0,0,0,0,0,0,0,0,0,0,0,0,0,0,0,0,0,0,0,0,0,0,0,0,0,0,0,0,0,0,0,0,0,0,0,0,0,0,0,0,0,0,0,0,0,0,0,0,0,0,0,0,0

lasersNumPhiPerTurn: 1739,1739,1739,1739,1739,1739,1739,1739,1739,1739,1739,1739,1739,1739,1739,1739,1739,1739,1739,1739,1739,1739,1739,1739,1739,1739,1739,1739,1739,1739,1739,1739,1739,1739,1739,1739,1739,1739,1739,1739,1739,1739,1739,1739,1739,1739,1739,1739,1739,1739,1739,1739,1739,1739,1739,1739,1739,1739,1739,1739,1739,1739,1739,1739,1739,1739,1739,1739,1739,1739,1739,1739,1739,1739,1739,1739,1739,1739,1739,1739,1739,1739,1739,1739,1739,1739,1739,1739,1739,1739,1739,1739,1739,1739,1739,1739,1739,1739,1739,1739,1739,1739,1739,1739,1739,1739,1739,1739,1739,1739,1739,1739,1739,1739,1739,1739,1739,1739,1739,1739,1739,1739,1739,1739,1739,1739,1739,1739

planarBufferDisabled: 1
zCompensationEnabled: 1
maxNumQtBtBeforeOt: 4
minQtbtSizeLog2: 0
planarEnabled: 1
rahtPredictionSearchRange: 50000
planarModeIdcmUse: 0

partitionMethod: 0
maxNumQtBtBeforeOt: 6
planarModeIdcmUse: 32
rahtPredictionSearchRange: 2500
convertPlyColourspace: 1
transformType: 0

spherical_coord_flag: 1

qp: 46
bitdepth: 8
attribute: reflectance
